image_width: 1280
image_height: 1024
camera_name: mv_camera
camera_matrix:
  rows: 3
  cols: 3
  data: [1583.990959, 0.000000, 642.784961, 0.000000, 1584.523906, 509.618159, 0.000000, 0.000000, 1.000000]
distortion_model: plumb_bob
distortion_coefficients:
  rows: 1
  cols: 5
  data: [-0.076318, 0.190856, -0.000218, -0.000481, 0.000000]
rectification_matrix:
  rows: 3
  cols: 3
  data: [1.000000, 0.000000, 0.000000, 0.000000, 1.000000, 0.000000, 0.000000, 0.000000, 1.000000]
projection_matrix:
  rows: 3
  cols: 4
  data: [1572.398682, 0.000000, 641.805993, 0.000000, 0.000000, 1573.583618, 508.992034, 0.000000, 0.000000, 0.000000, 1.000000, 0.000000]
