image_width: 1280
image_height: 1024
camera_name: mv_camera
camera_matrix:
  rows: 3
  cols: 3
  data: [1760.55506985705, 0, 646.283116140709, 0, 1761.01541011471, 483.376617258825, 0, 0, 1]
distortion_model: plumb_bob
distortion_coefficients:
  rows: 1
  cols: 5
  data: [-0.0759322899962658, 0.371617154476779, 0, 0, 0]
rectification_matrix:
  rows: 3
  cols: 3
  data: [1.000000, 0.000000, 0.000000, 0.000000, 1.000000, 0.000000, 0.000000, 0.000000, 1.000000]
projection_matrix:
  rows: 3
  cols: 4
  data: [912.289368, 0.000000, 345.606483, 0.000000, 0.000000, 947.336365, 280.620490, 0.000000, 0.000000, 0.000000, 1.000000, 0.000000]
