image_width: 1280
image_height: 1024
camera_name: mv_camera
camera_matrix:
  rows: 3
  cols: 3
  data: [1770.245134940782, 0.0, 652.6670954617655, 0.0, 1771.5972010230785, 483.8162171316305, 0.0, 0.0, 1.0]
distortion_model: plumb_bob
distortion_coefficients:
  rows: 1
  cols: 5
  data: [-0.05965182148534113, 0.3170429148456012, 0.0005418440877619573, 0.0012431152094722656, 0.0]
rectification_matrix:
  rows: 3
  cols: 3
  data: [1.000000, 0.000000, 0.000000, 0.000000, 1.000000, 0.000000, 0.000000, 0.000000, 1.000000]
projection_matrix:
  rows: 3
  cols: 4
  data: [1773.6572265625, 0.0, 652.9299832465767, 0.0, 0.0, 1773.956787109375, 484.0215837934593, 0.0, 0.0, 0.0, 1.0, 0.0]
